County, North, East, South, West
Alameda:37.90453,-100.0,37.45484,-122.37378
Alpine:38.93332,-100.0,38.32688,-120.07332
Amador:38.70277,-100.0,38.22256,-121.02764
Butte:40.15203,-100.0,39.29562,-122.06793
Calaveras:38.50987,-100.0,37.83142,-120.9955
Colusa:39.41454,-100.0,38.92393,-122.76259
Contra Costa:38.09771,-100.0,37.71889,-122.44158
Del Norte:42.00092,-100.0,41.38098,-124.44071
El Dorado:39.06749,-100.0,38.50418,-121.14101
Fresno:37.58584,-100.0,35.90707,-120.91873
Glenn:39.80053,-100.0,39.38327,-122.93813
Humboldt:41.46585,-100.0,40.00125,-124.48054
Imperial:33.43379,-100.0,32.61859,-116.10618
Inyo:37.46524,-100.0,35.78729,-118.78661
Kern:35.7982,-100.0,34.79062,-120.19415
Kings:36.48892,-100.0,35.78868,-120.31507
Lake:39.58125,-100.0,38.66751,-123.09149
Lassen:41.18442,-100.0,39.70766,-121.33192
Los Angeles:34.82294,-100.0,32.75004,-118.95172
Madera:37.77799,-100.0,36.76913,-120.5417
Marin:38.32059,-100.0,37.81513,-123.12612
Mariposa:37.90252,-100.0,37.18311,-120.39534
Mendocino:40.00247,-100.0,38.75812,-124.13489
Merced:37.63336,-100.0,36.74038,-121.2478
Modoc:41.99751,-100.0,41.18348,-121.45718
Mono:38.71321,-100.0,37.46276,-119.64434
Monterey:36.91375,-100.0,35.78927,-122.05188
Napa:38.86424,-100.0,38.15502,-122.641
Nevada:39.52358,-100.0,39.01197,-121.28007
Orange:33.94654,-100.0,33.33561,-118.1259
Placer:39.3165,-100.0,38.71198,-121.48444
Plumas:40.44971,-100.0,39.59726,-121.49788
Riverside:34.07978,-100.0,33.42593,-117.67498
Sacramento:38.7364,-100.0,38.01854,-121.86248
San Benito:36.98413,-100.0,36.20041,-121.644
San Bernardino:35.80921,-100.0,33.87083,-117.7912
San Diego:33.50502,-100.0,32.5299,-117.59911
San Francisco:37.92982,-100.0,37.63983,-123.17382
San Joaquin:38.29785,-100.0,37.48178,-121.5822
San Luis Obispo:35.79665,-100.0,34.90117,-121.43818
San Mateo:37.70843,-100.0,37.05386,-122.58818
Santa Barbara:35.11253,-100.0,33.41102,-120.73429
Santa Clara:37.48462,-100.0,36.89384,-122.20133
Santa Cruz:37.28605,-100.0,36.8196,-122.31698
Shasta:41.18492,-100.0,40.28697,-123.06763
Sierra:39.77178,-100.0,39.39156,-121.05784
Siskiyou:42.00938,-100.0,40.99264,-123.71622
Solano:38.53683,-100.0,38.03181,-122.40699
Sonoma:38.85283,-100.0,38.07326,-123.6325
Stanislaus:38.07742,-100.0,37.13477,-121.47451
Sutter:39.30556,-100.0,38.7346,-121.94528
Tehama:40.44964,-100.0,39.79764,-123.06572
Trinity:41.35068,-100.0,39.97706,-123.62228
Tulare:36.74477,-100.0,35.78916,-119.57319
Tuolumne:38.43315,-100.0,37.6337,-120.65267
Ventura:34.90127,-100.0,33.16349,-119.6363
Yolo:38.92589,-100.0,38.31309,-122.42179
Yuba:39.63946,-100.0,38.91839,-121.63555
