County, North, East, South, West
Fairfield:41.66672,-72.99955,40.95094,-73.72533
Hartford:42.03885,-72.40788,41.54477,-73.02837
Litchfield:42.05054,-72.89343,41.46844,-73.51808
Middlesex:41.64638,-72.30553,41.17777,-72.75218
New Haven:41.64305,-72.5279,41.08711,-73.3268
New London:41.71419,-71.78766,41.215,-72.46673
Tolland:42.03414,-72.10032,41.58855,-72.51725
Windham:42.0288,-71.78724,41.63436,-72.25208
