County, North, East, South, West
Hawaii:20.3193,-100.0,18.87249,-156.11122
Honolulu:28.51727,-100.0,21.20085,-178.44359
Kalawao:21.27462,-100.0,21.12961,-157.01459
Kauai:22.28885,-100.0,21.60038,-160.60087
Maui:21.27979,-100.0,20.45414,-157.36626
