County, North, East, South, West
Acadia:30.48115,-92.14155,30.0497,-92.63199
Allen:30.89935,-92.58388,30.42361,-93.13124
Ascension:30.34694,-90.63281,30.06248,-91.10644
Assumption:30.08123,-90.88519,29.62637,-91.25988
Avoyelles:31.34372,-91.67781,30.84797,-92.28074
Beauregard:30.88316,-92.97665,30.40231,-93.74168
Bienville:32.58527,-92.77391,32.14691,-93.42819
Bossier:33.01946,-93.37278,32.23583,-93.82745
Caddo:33.01954,-93.47125,32.19594,-94.04332
Calcasieu:30.49031,-92.8891,30.03735,-93.76563
Caldwell:32.27744,-91.86971,31.92709,-92.31288
Cameron:30.05259,-92.61382,29.52713,-93.92881
Catahoula:31.97153,-91.54303,31.22706,-92.01983
Claiborne:33.01839,-92.72468,32.58409,-93.23861
Concordia:31.76204,-91.38003,30.97036,-91.86704
De Soto:32.3447,-93.35538,31.84424,-94.04281
East Baton Rouge:30.71931,-90.84513,30.31269,-91.31656
East Carroll:33.00509,-91.0046,32.53754,-91.45764
East Feliciana:30.99965,-90.82583,30.64955,-91.31134
Evangeline:31.00015,-92.17241,30.48045,-92.63384
Franklin:32.40581,-91.45343,31.87516,-91.93113
Grant:31.79711,-92.19613,31.38795,-92.97353
Iberia:30.12108,-91.22173,29.35894,-92.04562
Iberville:30.49743,-91.01941,30.02534,-91.70122
Jackson:32.49641,-92.3116,32.14565,-92.82152
Jefferson:30.18961,-89.90013,29.12517,-90.28014
Jefferson Davis:30.48824,-92.58321,30.03732,-93.13115
Lafayette:30.38156,-91.90615,30.03692,-92.28467
Lafourche:29.92203,-90.00259,28.99534,-91.00674
La Salle:31.92786,-92.00543,31.32336,-92.38401
Lincoln:32.75954,-92.41507,32.45285,-92.88081
Livingston:30.65002,-90.40125,30.17581,-90.99112
Madison:32.56283,-90.88882,32.12035,-91.55729
Morehouse:33.00816,-91.43335,32.50581,-92.08391
Natchitoches:32.14845,-92.7164,31.34664,-93.44156
Orleans:30.19882,-89.62505,29.86751,-90.13765
Ouachita:32.723,-91.90418,32.25857,-92.41542
Plaquemines:29.90442,-88.87923,28.85603,-90.06888
Pointe Coupee:31.02001,-91.31922,30.48259,-91.82307
Rapides:31.51759,-92.07239,30.88934,-92.98146
Red River:32.23778,-93.13141,31.88838,-93.61469
Richland:32.66734,-91.43099,32.15155,-92.03467
Sabine:31.84572,-93.2361,31.16552,-93.87918
St. Bernard:30.20955,-88.75839,29.62832,-89.99193
St. Charles:30.15931,-90.16741,29.69203,-90.54977
St. Helena:30.99973,-90.56586,30.64937,-90.91078
St. James:30.16643,-90.642,29.88925,-90.96369
St. John the Baptist:30.29898,-90.15403,29.88309,-90.68724
St. Landry:30.85004,-91.67942,30.29882,-92.49326
St. Martin:30.49774,-91.08946,29.6994,-91.98872
St. Mary:29.95599,-91.0826,29.23961,-91.93516
St. Tammany:30.71199,-89.50473,30.1389,-90.25725
Tangipahoa:31.00053,-90.16064,30.23434,-90.56752
Tensas:32.24967,-91.03021,31.73325,-91.57996
Terrebonne:29.77607,-90.3831,28.98591,-91.35427
Union:33.01447,-92.05267,32.58121,-92.73405
Vermilion:30.14744,-91.96446,29.4815,-92.7386
Vernon:31.3648,-92.82382,30.8602,-93.57698
Washington:31.00482,-89.72801,30.66511,-90.34725
Webster:33.01866,-93.14728,32.41006,-93.53044
West Baton Rouge:30.65868,-91.1421,30.32243,-91.48509
West Carroll:33.0061,-91.26502,32.58196,-91.63759
West Feliciana:31.04443,-91.17614,30.65396,-91.75012
Winn:32.14797,-92.31178,31.70876,-92.97382
