County, North, East, South, West
Allegany:39.72303,-78.314,39.44172,-79.06793
Anne Arundel:39.2374,-76.34948,38.7111,-76.84036
Baltimore:39.37217,-76.52949,39.20104,-76.71149
Calvert:38.76926,-76.32191,38.30506,-76.70186
Caroline:39.14337,-75.70745,38.63535,-76.01476
Carroll:39.7208,-76.7871,39.34897,-77.30253
Cecil:39.72221,-75.76655,39.36533,-76.23328
Charles:38.70465,-76.66251,38.17133,-77.32278
Dorchester:38.70258,-75.70156,38.05841,-76.43881
Frederick:39.72004,-77.11118,39.22027,-77.67716
Garrett:39.72286,-78.93117,39.20213,-79.48765
Harford:39.72137,-76.0358,39.2541,-76.56947
Howard:39.36893,-76.69708,39.10314,-77.18262
Kent:39.40551,-75.75607,38.99258,-76.35484
Montgomery:39.3535,-76.8885,38.93434,-77.5275
Prince George's:39.13131,-76.67163,38.53588,-77.08952
Queen Anne's:39.26146,-75.74773,38.8074,-76.43659
Somerset:38.29659,-75.54232,37.8866,-76.23646
St. Mary's:38.51358,-76.20148,37.88847,-76.86886
Talbot:38.94504,-75.90325,38.57247,-76.46395
Washington:39.72286,-77.46913,39.3185,-78.36338
Wicomico:38.56089,-75.3076,38.21596,-75.94845
Worcester:38.45197,-74.98629,37.99421,-75.65858
