County, North, East, South, West
Saipan:15.35783,145.90936,15.02291,100.0
Tinian:15.12502,145.74775,14.77269,100.0
Northern Islands:20.61656,146.15442,15.94789,100.0
Rota:14.26691,145.37448,14.03656,100.0
