County, North, East, South, West
Beaverhead:45.93961,-111.46765,44.37685,-113.93797
Big Horn:46.04343,-106.26357,44.99379,-108.69791
Blaine:49.00113,-108.23629,47.72419,-109.55166
Broadwater:46.78189,-111.06252,45.83351,-111.78789
Carbon:45.6382,-108.09829,44.99946,-109.79869
Carter:46.13669,-104.03914,44.99738,-105.03856
Cascade:47.69867,-110.63631,46.82014,-112.04731
Chouteau:48.3068,-109.53291,47.41624,-111.40923
Custer:46.86079,-104.73284,45.78697,-106.19186
Daniels:48.99973,-104.97327,48.56282,-106.15205
Dawson:47.79076,-104.30556,46.86074,-105.40642
Deer Lodge:46.26682,-112.55846,45.75857,-113.51748
Fallon:46.68503,-104.04403,45.88196,-104.90613
Fergus:47.80258,-108.31261,46.69338,-110.21349
Flathead:49.00139,-112.88068,47.59636,-115.02053
Gallatin:46.1929,-110.78398,44.47407,-111.80513
Garfield:47.97512,-106.08644,46.84532,-107.96177
Glacier:48.99894,-112.18437,48.30987,-114.06815
Golden Valley:46.7516,-108.77891,46.04448,-109.6543
Granite:46.83213,-113.03632,45.93968,-113.87835
Hill:49.00058,-109.46433,48.13265,-110.75629
Jefferson:46.56927,-111.65999,45.74841,-112.59701
Judith Basin:47.41701,-109.7458,46.67321,-110.78831
Lake:48.05168,-113.61692,47.13818,-114.60433
Lewis and Clark:47.95398,-111.49452,46.41549,-113.15278
Liberty:48.99867,-110.74286,48.13222,-111.4091
Lincoln:49.00121,-114.62259,47.89099,-116.05
McCone:48.09782,-105.19422,47.0927,-106.42657
Madison:45.85819,-111.35048,44.70829,-112.70247
Meagher:47.08013,-110.27326,46.18421,-111.65813
Mineral:47.48759,-114.42343,46.69737,-115.73889
Missoula:47.60037,-113.30256,46.63188,-114.79723
Musselshell:46.75629,-107.78121,46.1324,-109.02904
Park:46.19259,-109.79814,44.99223,-111.04684
Petroleum:47.59745,-107.82757,46.74884,-108.73647
Phillips:49.00002,-107.17986,47.45044,-108.89102
Pondera:48.48366,-111.40848,47.98459,-113.34954
Powder River:45.78867,-104.98134,44.99347,-106.27968
Powell:47.60026,-112.29735,46.26562,-113.46671
Prairie:47.18159,-104.6034,46.54052,-106.08697
Ravalli:46.66102,-113.51591,45.45992,-114.56509
Richland:48.14641,-104.04146,47.3535,-105.23506
Roosevelt:48.56385,-104.04412,47.99611,-105.84416
Rosebud:46.85982,-106.08649,45.17721,-107.89574
Sanders:48.26338,-114.18735,47.12141,-116.04976
Sheridan:49.00003,-104.04676,48.38918,-105.05779
Silver Bow:46.17886,-112.19024,45.62485,-113.08547
Stillwater:46.13233,-108.84269,45.16738,-110.06382
Sweet Grass:46.22052,-109.4173,45.17208,-110.29282
Teton:48.13312,-111.40847,47.50224,-113.01689
Toole:48.99892,-111.27033,48.21923,-112.19359
Treasure:46.48239,-106.93904,45.87009,-107.73855
Valley:49.00002,-105.80443,47.66164,-107.41489
Wheatland:46.74972,-109.38789,46.2188,-110.28186
Wibaux:47.39754,-104.04475,46.64144,-104.60738
Yellowstone:46.49607,-107.46541,45.46029,-108.9254
