County, North, East, South, West
Beaverhead:45.93961,-100.0,44.37685,-113.93797
Big Horn:46.04343,-100.0,44.99379,-108.69791
Blaine:49.00113,-100.0,47.72419,-109.55166
Broadwater:46.78189,-100.0,45.83351,-111.78789
Carbon:45.6382,-100.0,44.99946,-109.79869
Carter:46.13669,-100.0,44.99738,-105.03856
Cascade:47.69867,-100.0,46.82014,-112.04731
Chouteau:48.3068,-100.0,47.41624,-111.40923
Custer:46.86079,-100.0,45.78697,-106.19186
Daniels:48.99973,-100.0,48.56282,-106.15205
Dawson:47.79076,-100.0,46.86074,-105.40642
Deer Lodge:46.26682,-100.0,45.75857,-113.51748
Fallon:46.68503,-100.0,45.88196,-104.90613
Fergus:47.80258,-100.0,46.69338,-110.21349
Flathead:49.00139,-100.0,47.59636,-115.02053
Gallatin:46.1929,-100.0,44.47407,-111.80513
Garfield:47.97512,-100.0,46.84532,-107.96177
Glacier:48.99894,-100.0,48.30987,-114.06815
Golden Valley:46.7516,-100.0,46.04448,-109.6543
Granite:46.83213,-100.0,45.93968,-113.87835
Hill:49.00058,-100.0,48.13265,-110.75629
Jefferson:46.56927,-100.0,45.74841,-112.59701
Judith Basin:47.41701,-100.0,46.67321,-110.78831
Lake:48.05168,-100.0,47.13818,-114.60433
Lewis and Clark:47.95398,-100.0,46.41549,-113.15278
Liberty:48.99867,-100.0,48.13222,-111.4091
Lincoln:49.00121,-100.0,47.89099,-116.05
McCone:48.09782,-100.0,47.0927,-106.42657
Madison:45.85819,-100.0,44.70829,-112.70247
Meagher:47.08013,-100.0,46.18421,-111.65813
Mineral:47.48759,-100.0,46.69737,-115.73889
Missoula:47.60037,-100.0,46.63188,-114.79723
Musselshell:46.75629,-100.0,46.1324,-109.02904
Park:46.19259,-100.0,44.99223,-111.04684
Petroleum:47.59745,-100.0,46.74884,-108.73647
Phillips:49.00002,-100.0,47.45044,-108.89102
Pondera:48.48366,-100.0,47.98459,-113.34954
Powder River:45.78867,-100.0,44.99347,-106.27968
Powell:47.60026,-100.0,46.26562,-113.46671
Prairie:47.18159,-100.0,46.54052,-106.08697
Ravalli:46.66102,-100.0,45.45992,-114.56509
Richland:48.14641,-100.0,47.3535,-105.23506
Roosevelt:48.56385,-100.0,47.99611,-105.84416
Rosebud:46.85982,-100.0,45.17721,-107.89574
Sanders:48.26338,-100.0,47.12141,-116.04976
Sheridan:49.00003,-100.0,48.38918,-105.05779
Silver Bow:46.17886,-100.0,45.62485,-113.08547
Stillwater:46.13233,-100.0,45.16738,-110.06382
Sweet Grass:46.22052,-100.0,45.17208,-110.29282
Teton:48.13312,-100.0,47.50224,-113.01689
Toole:48.99892,-100.0,48.21923,-112.19359
Treasure:46.48239,-100.0,45.87009,-107.73855
Valley:49.00002,-100.0,47.66164,-107.41489
Wheatland:46.74972,-100.0,46.2188,-110.28186
Wibaux:47.39754,-100.0,46.64144,-104.60738
Yellowstone:46.49607,-100.0,45.46029,-108.9254
