County, North, East, South, West
Bristol:41.77611,-71.20837,41.63899,-71.36521
Kent:41.76826,-71.32567,41.59685,-71.7897
Newport:41.6906,-71.10398,41.30735,-71.50944
Providence:42.0188,-71.31777,41.72456,-71.79924
Washington:41.65229,-71.38054,41.09583,-71.90726
