County, North, East, South, West
Adams:47.26172,-100.0,46.73546,-119.36939
Asotin:46.46231,-100.0,45.99541,-117.48014
Benton:46.72654,-100.0,45.83596,-119.87644
Chelan:48.54229,-100.0,47.2614,-121.17821
Clallam:48.49978,-100.0,47.86675,-124.84854
Clark:46.05683,-100.0,45.54354,-122.79596
Columbia:46.62477,-100.0,45.99889,-118.24224
Cowlitz:46.38803,-100.0,45.85054,-123.21784
Douglas:48.13881,-100.0,47.22005,-120.31798
Ferry:49.00047,-100.0,47.83241,-118.86971
Franklin:46.73894,-100.0,46.19286,-119.45661
Garfield:46.6944,-100.0,45.99781,-117.86285
Grant:47.96208,-100.0,46.62529,-120.04287
Grays Harbor:47.534,-100.0,46.79153,-124.42971
Island:48.41776,-100.0,47.82761,-122.86308
Jefferson:48.37036,-100.0,47.51761,-124.71467
King:47.78005,-100.0,47.08676,-122.53672
Kitsap:47.97295,-100.0,47.40299,-123.03227
Kittitas:47.59713,-100.0,46.7359,-121.45792
Klickitat:46.04492,-100.0,45.60635,-121.61273
Lewis:46.79431,-100.0,46.38403,-123.372
Lincoln:47.95773,-100.0,47.26017,-118.97952
Mason:47.60727,-100.0,47.082,-123.50604
Okanogan:49.00069,-100.0,47.94085,-120.88166
Pacific:46.79425,-100.0,46.23582,-124.18121
Pend Oreille:49.00048,-100.0,48.04556,-117.62938
Pierce:47.40402,-100.0,46.72957,-122.85271
San Juan:48.83134,-100.0,48.28431,-123.27401
Skagit:48.6577,-100.0,48.29555,-122.76845
Skamania:46.38905,-100.0,45.54774,-122.24965
Snohomish:48.29863,-100.0,47.77543,-122.45833
Spokane:48.04761,-100.0,47.25927,-117.82369
Stevens:49.00084,-100.0,47.79196,-118.38662
Thurston:47.19421,-100.0,46.76215,-123.20207
Wahkiakum:46.38559,-100.0,46.14453,-123.72832
Walla Walla:46.6001,-100.0,45.99985,-119.04142
Whatcom:49.00249,-100.0,48.63366,-123.31915
Whitman:47.26045,-100.0,46.41705,-118.2484
Yakima:47.08887,-100.0,46.04061,-121.52394
